2.78123
2.78124
2.78116
2.78105
2.78092
2.78078
2.78066
2.78054
2.78041
2.78031
2.78017
2.78005
2.77993
2.77979
2.77964
2.77946
2.77926
2.77904
2.77885
2.77864
2.77845
2.77826
2.77803
2.77781
2.77759
2.77738
2.77716
2.77697
2.77678
2.7766
2.77641
2.77623
2.77603
2.77589
2.77569
2.77697
2.77678
2.77665
2.77782
2.77971
2.77952
2.77934
2.77914
2.77897
6.11405
4.42547
3.86537
5.78722
7.12292
7.8711
8.75134
8.48966
7.77831
7.22562
6.78811
6.41996
6.12116
5.86981
5.65523
5.46986
5.30455
5.15898
5.02998
4.91128
4.80775
4.74267
4.66129
4.58742
4.52137
4.46697
4.40768
4.35077
4.30772
4.27893
4.24124
4.20812
4.16683
4.12794
4.09222
4.05568
4.09878
4.06503
4.03281
4.00265
3.97535
3.94666
3.91966
3.89509
3.87407
3.85158
3.83011
3.80772
3.7876
3.76744
3.7499
3.73224
3.71603
3.69799
3.68354
3.66816
3.65341
3.63911
3.6267
3.61279
3.60002
3.58756
3.57668
3.56478
3.55442
3.5433
3.53258
3.52261
3.51317
3.50322
3.49418
3.48498
3.47561
3.46621
3.45695
3.44858
3.43987
3.43151
3.42448
3.41659
3.40859
3.40124
3.39472
3.38653
3.37961
3.3726
3.3653
3.35942
3.3525
3.3457
3.36943
3.36284
3.35713
3.3509
3.3453
3.33954
3.33426
3.32872
